85.8
72.5
93.5
112.0
118.4
98.1
86.5
80.2
76.4
64.4
53.3
48.7
106.4
84.3
105.6
56.8
90.8
85.1
99.1
80.6
104.5
105.6
112.5
43.5
61.3
114.2
137.6
96.1
79.2
110.1
90.3
90.2
113.0
87.3
51.9
72.2
98.5
69.1
93.7
75.0
97.1
75.7
104.3
78.7
64.3
96.6
93.4
88.9
55.6
77.2
105.6
91.7
62.1
111.4
94.7
85.5
77.0
83.5
96.0
39.3
78.9
60.6
94.7
88.3
86.5
94.2
119.8
123.7
60.8
121.6
88.4
51.5
112.4
69.9
73.0
104.4
82.0
89.3
110.9
93.1
32.9
78.4
59.2
60.6
59.9
89.9
88.1
81.2
107.0
88.5
80.5
106.4
97.2
90.8
108.3
101.9
90.0
86.8
77.1
67.0
133.0
92.8
39.0
88.8
71.0
65.8
78.7
91.6
107.0
81.4
82.1
96.5
38.9
53.6
56.4
107.0
78.5
63.1
67.5
59.3
91.4
83.4
95.2
97.7
100.8
92.7
73.1
91.5
83.7
86.0
113.2
69.7
97.0
94.4
86.5
74.9
85.4
80.5
64.2
65.0
51.6
76.8
139.9
64.5
107.8
93.5
110.6
108.0
89.3
97.7
89.3
87.3
85.1
99.1
49.4
80.5
82.8
68.6
84.7
120.7
81.4
114.5
111.9
81.1
79.7
87.1
82.4
134.7
92.2
88.3
72.3
75.7
74.2
77.5
88.9
101.0
79.1
56.0
116.9
91.5
87.8
63.6
88.7
87.8
95.1
84.8
93.1
86.0
148.1
45.6
89.2
38.8
88.8
78.8
65.3
105.7
73.2
54.5
82.4
76.6
47.6
115.4
78.0
75.8
42.7
110.7
85.4
95.2
96.9
59.1
70.7
102.5
82.8
116.5
78.0
110.0
111.9
72.3
79.6
94.7
79.7
86.1
89.2
63.8
70.1
91.5
79.4
65.3
73.3
90.8
93.0
89.8
89.5
118.6
79.1
74.8
101.5
89.2
79.8
72.3
76.3
88.5
92.4
60.6
30.1
108.0
70.0
85.1
66.1
41.1
54.0
54.1
70.1
80.6
81.3
80.2
109.6
83.9
102.6
89.5
57.9
58.5
102.7
76.8
104.7
71.2
49.8
68.0
80.6
60.7
104.1
87.8
85.2
65.3
125.0
92.7
64.7
110.8
74.9
101.6
65.8
73.0
109.6
73.8
70.5
106.2
86.6
53.3
110.1
88.2
103.7
72.1
92.0
95.4
50.4
78.0
87.9
66.1
102.2
91.6
66.4
73.3
75.2
94.1
74.7
89.5
78.5
77.5
113.3
124.0
104.5
88.8
76.6
86.2
59.2
117.9
88.1
68.1
73.6
96.2
94.8
71.0
88.1
34.6
79.6
113.5
95.5
63.1
100.6
79.0
67.5
89.3
74.0
134.2
103.5
92.9
101.6
84.5
66.6
50.3
87.2
99.8
82.8
79.4
53.5
59.5
122.0
61.6
49.5
90.1
116.2
78.4
85.1
119.8
65.0
84.1
105.1
118.0
83.3
81.2
87.7
91.5
55.4
77.2
78.9
96.8
64.7
103.5
93.8
88.5
63.0
48.9
78.8
82.5
70.3
84.9
70.9
81.9
83.7
136.9
72.1
102.6
107.7
85.3
78.0
99.5
106.9
117.8
111.1
76.4
79.1
79.3
103.5
93.7
115.2
97.8
76.4
48.3
68.8
102.0
