57.0
76.2
48.6
36.6
61.4
66.0
63.2
64.8
57.4
51.7
49.8
56.4
54.5
70.3
66.6
44.0
67.6
58.9
72.7
77.4
66.0
37.8
67.2
40.4
78.3
51.3
57.0
81.4
37.9
59.7
46.3
53.0
49.6
67.6
55.7
63.5
67.1
38.6
76.3
56.3
39.2
51.3
69.9
71.5
51.0
60.6
62.3
72.0
57.7
71.3
48.5
50.6
67.5
68.2
58.8
66.8
61.9
68.8
73.6
65.7
69.4
54.6
52.6
30.6
64.4
59.8
65.9
36.5
53.5
52.6
37.3
70.5
74.3
43.8
64.8
80.5
44.5
71.5
78.8
82.3
42.7
46.4
62.0
74.2
44.0
50.2
45.7
73.0
52.5
66.4
67.3
73.6
64.5
63.6
73.6
65.3
43.9
52.8
70.5
61.1
55.1
62.4
100.2
58.8
65.3
65.0
56.1
74.1
70.0
64.3
42.8
74.9
68.8
58.4
26.3
58.7
44.5
56.6
53.1
49.2
71.9
60.8
74.6
47.5
57.0
76.2
63.4
50.5
48.4
52.1
58.4
67.9
61.2
68.7
69.7
60.9
75.3
68.5
57.1
57.4
59.2
50.3
42.8
59.8
53.1
66.6
52.0
60.6
61.8
53.6
61.8
50.5
54.1
69.2
64.2
59.3
49.7
67.9
83.9
32.5
72.3
62.0
72.9
73.7
46.8
80.8
52.0
56.3
67.1
58.3
62.6
53.0
46.5
59.5
45.9
75.9
62.3
76.6
43.9
33.7
31.2
54.6
43.4
63.7
41.3
42.2
62.8
54.4
67.7
69.3
63.7
44.3
48.6
87.2
56.5
62.9
60.8
59.0
57.2
52.3
52.9
34.5
79.8
57.9
43.1
65.7
67.5
41.5
52.9
77.7
66.0
64.5
71.5
57.7
55.7
78.9
57.0
58.3
67.1
59.7
44.1
82.6
58.4
81.4
65.5
48.1
78.3
57.1
48.7
58.9
32.9
64.3
50.3
56.2
48.3
67.6
63.7
72.6
79.8
62.7
60.4
63.0
49.3
52.6
68.6
48.7
35.4
55.0
62.4
77.4
50.5
47.8
60.5
57.4
62.3
52.9
61.7
52.1
71.3
62.7
66.3
53.8
41.6
59.4
58.6
72.7
71.1
58.8
58.7
47.1
58.7
61.8
54.1
45.9
74.9
47.9
79.5
73.7
78.1
48.8
66.9
42.2
54.8
40.5
50.2
53.0
70.9
72.4
54.6
55.7
47.6
45.2
37.3
56.5
66.4
49.8
63.6
45.0
46.8
52.6
69.9
52.7
68.4
54.8
45.6
34.6
53.3
47.4
70.1
64.4
39.1
69.3
65.5
23.7
46.3
62.0
39.6
50.2
65.3
62.0
64.5
66.4
48.3
88.0
65.3
85.0
55.8
65.8
63.1
57.2
62.8
62.1
68.8
62.8
59.7
64.9
76.5
59.8
66.3
60.7
35.2
48.1
47.8
42.1
51.4
37.6
62.2
52.4
73.8
63.6
43.5
56.3
59.5
50.7
54.6
45.8
50.1
62.3
54.9
73.5
33.3
49.3
54.4
76.7
72.3
68.0
70.6
78.1
67.0
56.0
61.0
50.1
56.1
63.3
52.7
60.0
53.6
42.9
41.5
67.1
59.1
68.7
57.5
58.6
61.9
54.6
75.3
70.7
63.4
46.1
52.2
61.1
72.5
58.1
58.3
64.9
60.0
56.7
45.0
73.2
